feap * * Patch Test
520 448 1 2 2 4

Coordinates
1  0  0  0  0.0  
2  0  0  0.142857  0.0  
3  0  0  0.285714  0.0  
4  0  0  0.428571  0.0  
5  0  0  0.571429  0.0  
6  0  0  0.714286  0.0  
7  0  0  0.857143  0.0  
8  0  0  1.  0.0  
9  0  0.15625  0  0.0  
10  0  0.15625  0.142857  0.0  
11  0  0.15625  0.285714  0.0  
12  0  0.15625  0.428571  0.0  
13  0  0.15625  0.571429  0.0  
14  0  0.15625  0.714286  0.0  
15  0  0.15625  0.857143  0.0  
16  0  0.15625  1.  0.0  
17  0  0.3125  0  0.0  
18  0  0.3125  0.142857  0.0  
19  0  0.3125  0.285714  0.0  
20  0  0.3125  0.428571  0.0  
21  0  0.3125  0.571429  0.0  
22  0  0.3125  0.714286  0.0  
23  0  0.3125  0.857143  0.0  
24  0  0.3125  1.  0.0  
25  0  0.46875  0  0.0  
26  0  0.46875  0.142857  0.0  
27  0  0.46875  0.285714  0.0  
28  0  0.46875  0.428571  0.0  
29  0  0.46875  0.571429  0.0  
30  0  0.46875  0.714286  0.0  
31  0  0.46875  0.857143  0.0  
32  0  0.46875  1.  0.0  
33  0  0.625  0  0.0  
34  0  0.625  0.142857  0.0  
35  0  0.625  0.285714  0.0  
36  0  0.625  0.428571  0.0  
37  0  0.625  0.571429  0.0  
38  0  0.625  0.714286  0.0  
39  0  0.625  0.857143  0.0  
40  0  0.625  1.  0.0  
41  0  0.78125  0  0.0  
42  0  0.78125  0.142857  0.0  
43  0  0.78125  0.285714  0.0  
44  0  0.78125  0.428571  0.0  
45  0  0.78125  0.571429  0.0  
46  0  0.78125  0.714286  0.0  
47  0  0.78125  0.857143  0.0  
48  0  0.78125  1.  0.0  
49  0  0.9375  0  0.0  
50  0  0.9375  0.142857  0.0  
51  0  0.9375  0.285714  0.0  
52  0  0.9375  0.428571  0.0  
53  0  0.9375  0.571429  0.0  
54  0  0.9375  0.714286  0.0  
55  0  0.9375  0.857143  0.0  
56  0  0.9375  1.  0.0  
57  0  1.09375  0  0.0  
58  0  1.09375  0.142857  0.0  
59  0  1.09375  0.285714  0.0  
60  0  1.09375  0.428571  0.0  
61  0  1.09375  0.571429  0.0  
62  0  1.09375  0.714286  0.0  
63  0  1.09375  0.857143  0.0  
64  0  1.09375  1.  0.0  
65  0  1.25  0  0.0  
66  0  1.25  0.142857  0.0  
67  0  1.25  0.285714  0.0  
68  0  1.25  0.428571  0.0  
69  0  1.25  0.571429  0.0  
70  0  1.25  0.714286  0.0  
71  0  1.25  0.857143  0.0  
72  0  1.25  1.  0.0  
73  0  1.40625  0  0.0  
74  0  1.40625  0.142857  0.0  
75  0  1.40625  0.285714  0.0  
76  0  1.40625  0.428571  0.0  
77  0  1.40625  0.571429  0.0  
78  0  1.40625  0.714286  0.0  
79  0  1.40625  0.857143  0.0  
80  0  1.40625  1.  0.0  
81  0  1.5625  0  0.0  
82  0  1.5625  0.142857  0.0  
83  0  1.5625  0.285714  0.0  
84  0  1.5625  0.428571  0.0  
85  0  1.5625  0.571429  0.0  
86  0  1.5625  0.714286  0.0  
87  0  1.5625  0.857143  0.0  
88  0  1.5625  1.  0.0  
89  0  1.71875  0  0.0  
90  0  1.71875  0.142857  0.0  
91  0  1.71875  0.285714  0.0  
92  0  1.71875  0.428571  0.0  
93  0  1.71875  0.571429  0.0  
94  0  1.71875  0.714286  0.0  
95  0  1.71875  0.857143  0.0  
96  0  1.71875  1.  0.0  
97  0  1.875  0  0.0  
98  0  1.875  0.142857  0.0  
99  0  1.875  0.285714  0.0  
100  0  1.875  0.428571  0.0  
101  0  1.875  0.571429  0.0  
102  0  1.875  0.714286  0.0  
103  0  1.875  0.857143  0.0  
104  0  1.875  1.  0.0  
105  0  2.03125  0  0.0  
106  0  2.03125  0.142857  0.0  
107  0  2.03125  0.285714  0.0  
108  0  2.03125  0.428571  0.0  
109  0  2.03125  0.571429  0.0  
110  0  2.03125  0.714286  0.0  
111  0  2.03125  0.857143  0.0  
112  0  2.03125  1.  0.0  
113  0  2.1875  0  0.0  
114  0  2.1875  0.142857  0.0  
115  0  2.1875  0.285714  0.0  
116  0  2.1875  0.428571  0.0  
117  0  2.1875  0.571429  0.0  
118  0  2.1875  0.714286  0.0  
119  0  2.1875  0.857143  0.0  
120  0  2.1875  1.  0.0  
121  0  2.34375  0  0.0  
122  0  2.34375  0.142857  0.0  
123  0  2.34375  0.285714  0.0  
124  0  2.34375  0.428571  0.0  
125  0  2.34375  0.571429  0.0  
126  0  2.34375  0.714286  0.0  
127  0  2.34375  0.857143  0.0  
128  0  2.34375  1.  0.0  
129  0  2.5  0  0.0  
130  0  2.5  0.142857  0.0  
131  0  2.5  0.285714  0.0  
132  0  2.5  0.428571  0.0  
133  0  2.5  0.571429  0.0  
134  0  2.5  0.714286  0.0  
135  0  2.5  0.857143  0.0  
136  0  2.5  1.  0.0  
137  0  2.65625  0  0.0  
138  0  2.65625  0.142857  0.0  
139  0  2.65625  0.285714  0.0  
140  0  2.65625  0.428571  0.0  
141  0  2.65625  0.571429  0.0  
142  0  2.65625  0.714286  0.0  
143  0  2.65625  0.857143  0.0  
144  0  2.65625  1.  0.0  
145  0  2.8125  0  0.0  
146  0  2.8125  0.142857  0.0  
147  0  2.8125  0.285714  0.0  
148  0  2.8125  0.428571  0.0  
149  0  2.8125  0.571429  0.0  
150  0  2.8125  0.714286  0.0  
151  0  2.8125  0.857143  0.0  
152  0  2.8125  1.  0.0  
153  0  2.96875  0  0.0  
154  0  2.96875  0.142857  0.0  
155  0  2.96875  0.285714  0.0  
156  0  2.96875  0.428571  0.0  
157  0  2.96875  0.571429  0.0  
158  0  2.96875  0.714286  0.0  
159  0  2.96875  0.857143  0.0  
160  0  2.96875  1.  0.0  
161  0  3.125  0  0.0  
162  0  3.125  0.142857  0.0  
163  0  3.125  0.285714  0.0  
164  0  3.125  0.428571  0.0  
165  0  3.125  0.571429  0.0  
166  0  3.125  0.714286  0.0  
167  0  3.125  0.857143  0.0  
168  0  3.125  1.  0.0  
169  0  3.28125  0  0.0  
170  0  3.28125  0.142857  0.0  
171  0  3.28125  0.285714  0.0  
172  0  3.28125  0.428571  0.0  
173  0  3.28125  0.571429  0.0  
174  0  3.28125  0.714286  0.0  
175  0  3.28125  0.857143  0.0  
176  0  3.28125  1.  0.0  
177  0  3.4375  0  0.0  
178  0  3.4375  0.142857  0.0  
179  0  3.4375  0.285714  0.0  
180  0  3.4375  0.428571  0.0  
181  0  3.4375  0.571429  0.0  
182  0  3.4375  0.714286  0.0  
183  0  3.4375  0.857143  0.0  
184  0  3.4375  1.  0.0  
185  0  3.59375  0  0.0  
186  0  3.59375  0.142857  0.0  
187  0  3.59375  0.285714  0.0  
188  0  3.59375  0.428571  0.0  
189  0  3.59375  0.571429  0.0  
190  0  3.59375  0.714286  0.0  
191  0  3.59375  0.857143  0.0  
192  0  3.59375  1.  0.0  
193  0  3.75  0  0.0  
194  0  3.75  0.142857  0.0  
195  0  3.75  0.285714  0.0  
196  0  3.75  0.428571  0.0  
197  0  3.75  0.571429  0.0  
198  0  3.75  0.714286  0.0  
199  0  3.75  0.857143  0.0  
200  0  3.75  1.  0.0  
201  0  3.90625  0  0.0  
202  0  3.90625  0.142857  0.0  
203  0  3.90625  0.285714  0.0  
204  0  3.90625  0.428571  0.0  
205  0  3.90625  0.571429  0.0  
206  0  3.90625  0.714286  0.0  
207  0  3.90625  0.857143  0.0  
208  0  3.90625  1.  0.0  
209  0  4.0625  0  0.0  
210  0  4.0625  0.142857  0.0  
211  0  4.0625  0.285714  0.0  
212  0  4.0625  0.428571  0.0  
213  0  4.0625  0.571429  0.0  
214  0  4.0625  0.714286  0.0  
215  0  4.0625  0.857143  0.0  
216  0  4.0625  1.  0.0  
217  0  4.21875  0  0.0  
218  0  4.21875  0.142857  0.0  
219  0  4.21875  0.285714  0.0  
220  0  4.21875  0.428571  0.0  
221  0  4.21875  0.571429  0.0  
222  0  4.21875  0.714286  0.0  
223  0  4.21875  0.857143  0.0  
224  0  4.21875  1.  0.0  
225  0  4.375  0  0.0  
226  0  4.375  0.142857  0.0  
227  0  4.375  0.285714  0.0  
228  0  4.375  0.428571  0.0  
229  0  4.375  0.571429  0.0  
230  0  4.375  0.714286  0.0  
231  0  4.375  0.857143  0.0  
232  0  4.375  1.  0.0  
233  0  4.53125  0  0.0  
234  0  4.53125  0.142857  0.0  
235  0  4.53125  0.285714  0.0  
236  0  4.53125  0.428571  0.0  
237  0  4.53125  0.571429  0.0  
238  0  4.53125  0.714286  0.0  
239  0  4.53125  0.857143  0.0  
240  0  4.53125  1.  0.0  
241  0  4.6875  0  0.0  
242  0  4.6875  0.142857  0.0  
243  0  4.6875  0.285714  0.0  
244  0  4.6875  0.428571  0.0  
245  0  4.6875  0.571429  0.0  
246  0  4.6875  0.714286  0.0  
247  0  4.6875  0.857143  0.0  
248  0  4.6875  1.  0.0  
249  0  4.84375  0  0.0  
250  0  4.84375  0.142857  0.0  
251  0  4.84375  0.285714  0.0  
252  0  4.84375  0.428571  0.0  
253  0  4.84375  0.571429  0.0  
254  0  4.84375  0.714286  0.0  
255  0  4.84375  0.857143  0.0  
256  0  4.84375  1.  0.0  
257  0  5.  0  0.0  
258  0  5.  0.142857  0.0  
259  0  5.  0.285714  0.0  
260  0  5.  0.428571  0.0  
261  0  5.  0.571429  0.0  
262  0  5.  0.714286  0.0  
263  0  5.  0.857143  0.0  
264  0  5.  1.  0.0  
265  0  5.15625  0  0.0  
266  0  5.15625  0.142857  0.0  
267  0  5.15625  0.285714  0.0  
268  0  5.15625  0.428571  0.0  
269  0  5.15625  0.571429  0.0  
270  0  5.15625  0.714286  0.0  
271  0  5.15625  0.857143  0.0  
272  0  5.15625  1.  0.0  
273  0  5.3125  0  0.0  
274  0  5.3125  0.142857  0.0  
275  0  5.3125  0.285714  0.0  
276  0  5.3125  0.428571  0.0  
277  0  5.3125  0.571429  0.0  
278  0  5.3125  0.714286  0.0  
279  0  5.3125  0.857143  0.0  
280  0  5.3125  1.  0.0  
281  0  5.46875  0  0.0  
282  0  5.46875  0.142857  0.0  
283  0  5.46875  0.285714  0.0  
284  0  5.46875  0.428571  0.0  
285  0  5.46875  0.571429  0.0  
286  0  5.46875  0.714286  0.0  
287  0  5.46875  0.857143  0.0  
288  0  5.46875  1.  0.0  
289  0  5.625  0  0.0  
290  0  5.625  0.142857  0.0  
291  0  5.625  0.285714  0.0  
292  0  5.625  0.428571  0.0  
293  0  5.625  0.571429  0.0  
294  0  5.625  0.714286  0.0  
295  0  5.625  0.857143  0.0  
296  0  5.625  1.  0.0  
297  0  5.78125  0  0.0  
298  0  5.78125  0.142857  0.0  
299  0  5.78125  0.285714  0.0  
300  0  5.78125  0.428571  0.0  
301  0  5.78125  0.571429  0.0  
302  0  5.78125  0.714286  0.0  
303  0  5.78125  0.857143  0.0  
304  0  5.78125  1.  0.0  
305  0  5.9375  0  0.0  
306  0  5.9375  0.142857  0.0  
307  0  5.9375  0.285714  0.0  
308  0  5.9375  0.428571  0.0  
309  0  5.9375  0.571429  0.0  
310  0  5.9375  0.714286  0.0  
311  0  5.9375  0.857143  0.0  
312  0  5.9375  1.  0.0  
313  0  6.09375  0  0.0  
314  0  6.09375  0.142857  0.0  
315  0  6.09375  0.285714  0.0  
316  0  6.09375  0.428571  0.0  
317  0  6.09375  0.571429  0.0  
318  0  6.09375  0.714286  0.0  
319  0  6.09375  0.857143  0.0  
320  0  6.09375  1.  0.0  
321  0  6.25  0  0.0  
322  0  6.25  0.142857  0.0  
323  0  6.25  0.285714  0.0  
324  0  6.25  0.428571  0.0  
325  0  6.25  0.571429  0.0  
326  0  6.25  0.714286  0.0  
327  0  6.25  0.857143  0.0  
328  0  6.25  1.  0.0  
329  0  6.40625  0  0.0  
330  0  6.40625  0.142857  0.0  
331  0  6.40625  0.285714  0.0  
332  0  6.40625  0.428571  0.0  
333  0  6.40625  0.571429  0.0  
334  0  6.40625  0.714286  0.0  
335  0  6.40625  0.857143  0.0  
336  0  6.40625  1.  0.0  
337  0  6.5625  0  0.0  
338  0  6.5625  0.142857  0.0  
339  0  6.5625  0.285714  0.0  
340  0  6.5625  0.428571  0.0  
341  0  6.5625  0.571429  0.0  
342  0  6.5625  0.714286  0.0  
343  0  6.5625  0.857143  0.0  
344  0  6.5625  1.  0.0  
345  0  6.71875  0  0.0  
346  0  6.71875  0.142857  0.0  
347  0  6.71875  0.285714  0.0  
348  0  6.71875  0.428571  0.0  
349  0  6.71875  0.571429  0.0  
350  0  6.71875  0.714286  0.0  
351  0  6.71875  0.857143  0.0  
352  0  6.71875  1.  0.0  
353  0  6.875  0  0.0  
354  0  6.875  0.142857  0.0  
355  0  6.875  0.285714  0.0  
356  0  6.875  0.428571  0.0  
357  0  6.875  0.571429  0.0  
358  0  6.875  0.714286  0.0  
359  0  6.875  0.857143  0.0  
360  0  6.875  1.  0.0  
361  0  7.03125  0  0.0  
362  0  7.03125  0.142857  0.0  
363  0  7.03125  0.285714  0.0  
364  0  7.03125  0.428571  0.0  
365  0  7.03125  0.571429  0.0  
366  0  7.03125  0.714286  0.0  
367  0  7.03125  0.857143  0.0  
368  0  7.03125  1.  0.0  
369  0  7.1875  0  0.0  
370  0  7.1875  0.142857  0.0  
371  0  7.1875  0.285714  0.0  
372  0  7.1875  0.428571  0.0  
373  0  7.1875  0.571429  0.0  
374  0  7.1875  0.714286  0.0  
375  0  7.1875  0.857143  0.0  
376  0  7.1875  1.  0.0  
377  0  7.34375  0  0.0  
378  0  7.34375  0.142857  0.0  
379  0  7.34375  0.285714  0.0  
380  0  7.34375  0.428571  0.0  
381  0  7.34375  0.571429  0.0  
382  0  7.34375  0.714286  0.0  
383  0  7.34375  0.857143  0.0  
384  0  7.34375  1.  0.0  
385  0  7.5  0  0.0  
386  0  7.5  0.142857  0.0  
387  0  7.5  0.285714  0.0  
388  0  7.5  0.428571  0.0  
389  0  7.5  0.571429  0.0  
390  0  7.5  0.714286  0.0  
391  0  7.5  0.857143  0.0  
392  0  7.5  1.  0.0  
393  0  7.65625  0  0.0  
394  0  7.65625  0.142857  0.0  
395  0  7.65625  0.285714  0.0  
396  0  7.65625  0.428571  0.0  
397  0  7.65625  0.571429  0.0  
398  0  7.65625  0.714286  0.0  
399  0  7.65625  0.857143  0.0  
400  0  7.65625  1.  0.0  
401  0  7.8125  0  0.0  
402  0  7.8125  0.142857  0.0  
403  0  7.8125  0.285714  0.0  
404  0  7.8125  0.428571  0.0  
405  0  7.8125  0.571429  0.0  
406  0  7.8125  0.714286  0.0  
407  0  7.8125  0.857143  0.0  
408  0  7.8125  1.  0.0  
409  0  7.96875  0  0.0  
410  0  7.96875  0.142857  0.0  
411  0  7.96875  0.285714  0.0  
412  0  7.96875  0.428571  0.0  
413  0  7.96875  0.571429  0.0  
414  0  7.96875  0.714286  0.0  
415  0  7.96875  0.857143  0.0  
416  0  7.96875  1.  0.0  
417  0  8.125  0  0.0  
418  0  8.125  0.142857  0.0  
419  0  8.125  0.285714  0.0  
420  0  8.125  0.428571  0.0  
421  0  8.125  0.571429  0.0  
422  0  8.125  0.714286  0.0  
423  0  8.125  0.857143  0.0  
424  0  8.125  1.  0.0  
425  0  8.28125  0  0.0  
426  0  8.28125  0.142857  0.0  
427  0  8.28125  0.285714  0.0  
428  0  8.28125  0.428571  0.0  
429  0  8.28125  0.571429  0.0  
430  0  8.28125  0.714286  0.0  
431  0  8.28125  0.857143  0.0  
432  0  8.28125  1.  0.0  
433  0  8.4375  0  0.0  
434  0  8.4375  0.142857  0.0  
435  0  8.4375  0.285714  0.0  
436  0  8.4375  0.428571  0.0  
437  0  8.4375  0.571429  0.0  
438  0  8.4375  0.714286  0.0  
439  0  8.4375  0.857143  0.0  
440  0  8.4375  1.  0.0  
441  0  8.59375  0  0.0  
442  0  8.59375  0.142857  0.0  
443  0  8.59375  0.285714  0.0  
444  0  8.59375  0.428571  0.0  
445  0  8.59375  0.571429  0.0  
446  0  8.59375  0.714286  0.0  
447  0  8.59375  0.857143  0.0  
448  0  8.59375  1.  0.0  
449  0  8.75  0  0.0  
450  0  8.75  0.142857  0.0  
451  0  8.75  0.285714  0.0  
452  0  8.75  0.428571  0.0  
453  0  8.75  0.571429  0.0  
454  0  8.75  0.714286  0.0  
455  0  8.75  0.857143  0.0  
456  0  8.75  1.  0.0  
457  0  8.90625  0  0.0  
458  0  8.90625  0.142857  0.0  
459  0  8.90625  0.285714  0.0  
460  0  8.90625  0.428571  0.0  
461  0  8.90625  0.571429  0.0  
462  0  8.90625  0.714286  0.0  
463  0  8.90625  0.857143  0.0  
464  0  8.90625  1.  0.0  
465  0  9.0625  0  0.0  
466  0  9.0625  0.142857  0.0  
467  0  9.0625  0.285714  0.0  
468  0  9.0625  0.428571  0.0  
469  0  9.0625  0.571429  0.0  
470  0  9.0625  0.714286  0.0  
471  0  9.0625  0.857143  0.0  
472  0  9.0625  1.  0.0  
473  0  9.21875  0  0.0  
474  0  9.21875  0.142857  0.0  
475  0  9.21875  0.285714  0.0  
476  0  9.21875  0.428571  0.0  
477  0  9.21875  0.571429  0.0  
478  0  9.21875  0.714286  0.0  
479  0  9.21875  0.857143  0.0  
480  0  9.21875  1.  0.0  
481  0  9.375  0  0.0  
482  0  9.375  0.142857  0.0  
483  0  9.375  0.285714  0.0  
484  0  9.375  0.428571  0.0  
485  0  9.375  0.571429  0.0  
486  0  9.375  0.714286  0.0  
487  0  9.375  0.857143  0.0  
488  0  9.375  1.  0.0  
489  0  9.53125  0  0.0  
490  0  9.53125  0.142857  0.0  
491  0  9.53125  0.285714  0.0  
492  0  9.53125  0.428571  0.0  
493  0  9.53125  0.571429  0.0  
494  0  9.53125  0.714286  0.0  
495  0  9.53125  0.857143  0.0  
496  0  9.53125  1.  0.0  
497  0  9.6875  0  0.0  
498  0  9.6875  0.142857  0.0  
499  0  9.6875  0.285714  0.0  
500  0  9.6875  0.428571  0.0  
501  0  9.6875  0.571429  0.0  
502  0  9.6875  0.714286  0.0  
503  0  9.6875  0.857143  0.0  
504  0  9.6875  1.  0.0  
505  0  9.84375  0  0.0  
506  0  9.84375  0.142857  0.0  
507  0  9.84375  0.285714  0.0  
508  0  9.84375  0.428571  0.0  
509  0  9.84375  0.571429  0.0  
510  0  9.84375  0.714286  0.0  
511  0  9.84375  0.857143  0.0  
512  0  9.84375  1.  0.0  
513  0  10.  0  0.0  
514  0  10.  0.142857  0.0  
515  0  10.  0.285714  0.0  
516  0  10.  0.428571  0.0  
517  0  10.  0.571429  0.0  
518  0  10.  0.714286  0.0  
519  0  10.  0.857143  0.0  
520  0  10.  1.  0.0  


Elements
1  1  1  1  9  10  
2  1  1  2  10  11  
3  1  1  3  11  12  
4  1  1  4  12  13  
5  1  1  5  13  14  
6  1  1  6  14  15  
7  1  1  7  15  16  
8  1  1  9  17  18  
9  1  1  10  18  19  
10  1  1  11  19  20  
11  1  1  12  20  21  
12  1  1  13  21  22  
13  1  1  14  22  23  
14  1  1  15  23  24  
15  1  1  17  25  26  
16  1  1  18  26  27  
17  1  1  19  27  28  
18  1  1  20  28  29  
19  1  1  21  29  30  
20  1  1  22  30  31  
21  1  1  23  31  32  
22  1  1  25  33  34  
23  1  1  26  34  35  
24  1  1  27  35  36  
25  1  1  28  36  37  
26  1  1  29  37  38  
27  1  1  30  38  39  
28  1  1  31  39  40  
29  1  1  33  41  42  
30  1  1  34  42  43  
31  1  1  35  43  44  
32  1  1  36  44  45  
33  1  1  37  45  46  
34  1  1  38  46  47  
35  1  1  39  47  48  
36  1  1  41  49  50  
37  1  1  42  50  51  
38  1  1  43  51  52  
39  1  1  44  52  53  
40  1  1  45  53  54  
41  1  1  46  54  55  
42  1  1  47  55  56  
43  1  1  49  57  58  
44  1  1  50  58  59  
45  1  1  51  59  60  
46  1  1  52  60  61  
47  1  1  53  61  62  
48  1  1  54  62  63  
49  1  1  55  63  64  
50  1  1  57  65  66  
51  1  1  58  66  67  
52  1  1  59  67  68  
53  1  1  60  68  69  
54  1  1  61  69  70  
55  1  1  62  70  71  
56  1  1  63  71  72  
57  1  1  65  73  74  
58  1  1  66  74  75  
59  1  1  67  75  76  
60  1  1  68  76  77  
61  1  1  69  77  78  
62  1  1  70  78  79  
63  1  1  71  79  80  
64  1  1  73  81  82  
65  1  1  74  82  83  
66  1  1  75  83  84  
67  1  1  76  84  85  
68  1  1  77  85  86  
69  1  1  78  86  87  
70  1  1  79  87  88  
71  1  1  81  89  90  
72  1  1  82  90  91  
73  1  1  83  91  92  
74  1  1  84  92  93  
75  1  1  85  93  94  
76  1  1  86  94  95  
77  1  1  87  95  96  
78  1  1  89  97  98  
79  1  1  90  98  99  
80  1  1  91  99  100  
81  1  1  92  100  101  
82  1  1  93  101  102  
83  1  1  94  102  103  
84  1  1  95  103  104  
85  1  1  97  105  106  
86  1  1  98  106  107  
87  1  1  99  107  108  
88  1  1  100  108  109  
89  1  1  101  109  110  
90  1  1  102  110  111  
91  1  1  103  111  112  
92  1  1  105  113  114  
93  1  1  106  114  115  
94  1  1  107  115  116  
95  1  1  108  116  117  
96  1  1  109  117  118  
97  1  1  110  118  119  
98  1  1  111  119  120  
99  1  1  113  121  122  
100  1  1  114  122  123  
101  1  1  115  123  124  
102  1  1  116  124  125  
103  1  1  117  125  126  
104  1  1  118  126  127  
105  1  1  119  127  128  
106  1  1  121  129  130  
107  1  1  122  130  131  
108  1  1  123  131  132  
109  1  1  124  132  133  
110  1  1  125  133  134  
111  1  1  126  134  135  
112  1  1  127  135  136  
113  1  1  129  137  138  
114  1  1  130  138  139  
115  1  1  131  139  140  
116  1  1  132  140  141  
117  1  1  133  141  142  
118  1  1  134  142  143  
119  1  1  135  143  144  
120  1  1  137  145  146  
121  1  1  138  146  147  
122  1  1  139  147  148  
123  1  1  140  148  149  
124  1  1  141  149  150  
125  1  1  142  150  151  
126  1  1  143  151  152  
127  1  1  145  153  154  
128  1  1  146  154  155  
129  1  1  147  155  156  
130  1  1  148  156  157  
131  1  1  149  157  158  
132  1  1  150  158  159  
133  1  1  151  159  160  
134  1  1  153  161  162  
135  1  1  154  162  163  
136  1  1  155  163  164  
137  1  1  156  164  165  
138  1  1  157  165  166  
139  1  1  158  166  167  
140  1  1  159  167  168  
141  1  1  161  169  170  
142  1  1  162  170  171  
143  1  1  163  171  172  
144  1  1  164  172  173  
145  1  1  165  173  174  
146  1  1  166  174  175  
147  1  1  167  175  176  
148  1  1  169  177  178  
149  1  1  170  178  179  
150  1  1  171  179  180  
151  1  1  172  180  181  
152  1  1  173  181  182  
153  1  1  174  182  183  
154  1  1  175  183  184  
155  1  1  177  185  186  
156  1  1  178  186  187  
157  1  1  179  187  188  
158  1  1  180  188  189  
159  1  1  181  189  190  
160  1  1  182  190  191  
161  1  1  183  191  192  
162  1  1  185  193  194  
163  1  1  186  194  195  
164  1  1  187  195  196  
165  1  1  188  196  197  
166  1  1  189  197  198  
167  1  1  190  198  199  
168  1  1  191  199  200  
169  1  1  193  201  202  
170  1  1  194  202  203  
171  1  1  195  203  204  
172  1  1  196  204  205  
173  1  1  197  205  206  
174  1  1  198  206  207  
175  1  1  199  207  208  
176  1  1  201  209  210  
177  1  1  202  210  211  
178  1  1  203  211  212  
179  1  1  204  212  213  
180  1  1  205  213  214  
181  1  1  206  214  215  
182  1  1  207  215  216  
183  1  1  209  217  218  
184  1  1  210  218  219  
185  1  1  211  219  220  
186  1  1  212  220  221  
187  1  1  213  221  222  
188  1  1  214  222  223  
189  1  1  215  223  224  
190  1  1  217  225  226  
191  1  1  218  226  227  
192  1  1  219  227  228  
193  1  1  220  228  229  
194  1  1  221  229  230  
195  1  1  222  230  231  
196  1  1  223  231  232  
197  1  1  225  233  234  
198  1  1  226  234  235  
199  1  1  227  235  236  
200  1  1  228  236  237  
201  1  1  229  237  238  
202  1  1  230  238  239  
203  1  1  231  239  240  
204  1  1  233  241  242  
205  1  1  234  242  243  
206  1  1  235  243  244  
207  1  1  236  244  245  
208  1  1  237  245  246  
209  1  1  238  246  247  
210  1  1  239  247  248  
211  1  1  241  249  250  
212  1  1  242  250  251  
213  1  1  243  251  252  
214  1  1  244  252  253  
215  1  1  245  253  254  
216  1  1  246  254  255  
217  1  1  247  255  256  
218  1  1  249  257  258  
219  1  1  250  258  259  
220  1  1  251  259  260  
221  1  1  252  260  261  
222  1  1  253  261  262  
223  1  1  254  262  263  
224  1  1  255  263  264  
225  1  1  257  265  266  
226  1  1  258  266  267  
227  1  1  259  267  268  
228  1  1  260  268  269  
229  1  1  261  269  270  
230  1  1  262  270  271  
231  1  1  263  271  272  
232  1  1  265  273  274  
233  1  1  266  274  275  
234  1  1  267  275  276  
235  1  1  268  276  277  
236  1  1  269  277  278  
237  1  1  270  278  279  
238  1  1  271  279  280  
239  1  1  273  281  282  
240  1  1  274  282  283  
241  1  1  275  283  284  
242  1  1  276  284  285  
243  1  1  277  285  286  
244  1  1  278  286  287  
245  1  1  279  287  288  
246  1  1  281  289  290  
247  1  1  282  290  291  
248  1  1  283  291  292  
249  1  1  284  292  293  
250  1  1  285  293  294  
251  1  1  286  294  295  
252  1  1  287  295  296  
253  1  1  289  297  298  
254  1  1  290  298  299  
255  1  1  291  299  300  
256  1  1  292  300  301  
257  1  1  293  301  302  
258  1  1  294  302  303  
259  1  1  295  303  304  
260  1  1  297  305  306  
261  1  1  298  306  307  
262  1  1  299  307  308  
263  1  1  300  308  309  
264  1  1  301  309  310  
265  1  1  302  310  311  
266  1  1  303  311  312  
267  1  1  305  313  314  
268  1  1  306  314  315  
269  1  1  307  315  316  
270  1  1  308  316  317  
271  1  1  309  317  318  
272  1  1  310  318  319  
273  1  1  311  319  320  
274  1  1  313  321  322  
275  1  1  314  322  323  
276  1  1  315  323  324  
277  1  1  316  324  325  
278  1  1  317  325  326  
279  1  1  318  326  327  
280  1  1  319  327  328  
281  1  1  321  329  330  
282  1  1  322  330  331  
283  1  1  323  331  332  
284  1  1  324  332  333  
285  1  1  325  333  334  
286  1  1  326  334  335  
287  1  1  327  335  336  
288  1  1  329  337  338  
289  1  1  330  338  339  
290  1  1  331  339  340  
291  1  1  332  340  341  
292  1  1  333  341  342  
293  1  1  334  342  343  
294  1  1  335  343  344  
295  1  1  337  345  346  
296  1  1  338  346  347  
297  1  1  339  347  348  
298  1  1  340  348  349  
299  1  1  341  349  350  
300  1  1  342  350  351  
301  1  1  343  351  352  
302  1  1  345  353  354  
303  1  1  346  354  355  
304  1  1  347  355  356  
305  1  1  348  356  357  
306  1  1  349  357  358  
307  1  1  350  358  359  
308  1  1  351  359  360  
309  1  1  353  361  362  
310  1  1  354  362  363  
311  1  1  355  363  364  
312  1  1  356  364  365  
313  1  1  357  365  366  
314  1  1  358  366  367  
315  1  1  359  367  368  
316  1  1  361  369  370  
317  1  1  362  370  371  
318  1  1  363  371  372  
319  1  1  364  372  373  
320  1  1  365  373  374  
321  1  1  366  374  375  
322  1  1  367  375  376  
323  1  1  369  377  378  
324  1  1  370  378  379  
325  1  1  371  379  380  
326  1  1  372  380  381  
327  1  1  373  381  382  
328  1  1  374  382  383  
329  1  1  375  383  384  
330  1  1  377  385  386  
331  1  1  378  386  387  
332  1  1  379  387  388  
333  1  1  380  388  389  
334  1  1  381  389  390  
335  1  1  382  390  391  
336  1  1  383  391  392  
337  1  1  385  393  394  
338  1  1  386  394  395  
339  1  1  387  395  396  
340  1  1  388  396  397  
341  1  1  389  397  398  
342  1  1  390  398  399  
343  1  1  391  399  400  
344  1  1  393  401  402  
345  1  1  394  402  403  
346  1  1  395  403  404  
347  1  1  396  404  405  
348  1  1  397  405  406  
349  1  1  398  406  407  
350  1  1  399  407  408  
351  1  1  401  409  410  
352  1  1  402  410  411  
353  1  1  403  411  412  
354  1  1  404  412  413  
355  1  1  405  413  414  
356  1  1  406  414  415  
357  1  1  407  415  416  
358  1  1  409  417  418  
359  1  1  410  418  419  
360  1  1  411  419  420  
361  1  1  412  420  421  
362  1  1  413  421  422  
363  1  1  414  422  423  
364  1  1  415  423  424  
365  1  1  417  425  426  
366  1  1  418  426  427  
367  1  1  419  427  428  
368  1  1  420  428  429  
369  1  1  421  429  430  
370  1  1  422  430  431  
371  1  1  423  431  432  
372  1  1  425  433  434  
373  1  1  426  434  435  
374  1  1  427  435  436  
375  1  1  428  436  437  
376  1  1  429  437  438  
377  1  1  430  438  439  
378  1  1  431  439  440  
379  1  1  433  441  442  
380  1  1  434  442  443  
381  1  1  435  443  444  
382  1  1  436  444  445  
383  1  1  437  445  446  
384  1  1  438  446  447  
385  1  1  439  447  448  
386  1  1  441  449  450  
387  1  1  442  450  451  
388  1  1  443  451  452  
389  1  1  444  452  453  
390  1  1  445  453  454  
391  1  1  446  454  455  
392  1  1  447  455  456  
393  1  1  449  457  458  
394  1  1  450  458  459  
395  1  1  451  459  460  
396  1  1  452  460  461  
397  1  1  453  461  462  
398  1  1  454  462  463  
399  1  1  455  463  464  
400  1  1  457  465  466  
401  1  1  458  466  467  
402  1  1  459  467  468  
403  1  1  460  468  469  
404  1  1  461  469  470  
405  1  1  462  470  471  
406  1  1  463  471  472  
407  1  1  465  473  474  
408  1  1  466  474  475  
409  1  1  467  475  476  
410  1  1  468  476  477  
411  1  1  469  477  478  
412  1  1  470  478  479  
413  1  1  471  479  480  
414  1  1  473  481  482  
415  1  1  474  482  483  
416  1  1  475  483  484  
417  1  1  476  484  485  
418  1  1  477  485  486  
419  1  1  478  486  487  
420  1  1  479  487  488  
421  1  1  481  489  490  
422  1  1  482  490  491  
423  1  1  483  491  492  
424  1  1  484  492  493  
425  1  1  485  493  494  
426  1  1  486  494  495  
427  1  1  487  495  496  
428  1  1  489  497  498  
429  1  1  490  498  499  
430  1  1  491  499  500  
431  1  1  492  500  501  
432  1  1  493  501  502  
433  1  1  494  502  503  
434  1  1  495  503  504  
435  1  1  497  505  506  
436  1  1  498  506  507  
437  1  1  499  507  508  
438  1  1  500  508  509  
439  1  1  501  509  510  
440  1  1  502  510  511  
441  1  1  503  511  512  
442  1  1  505  513  514  
443  1  1  506  514  515  
444  1  1  507  515  516  
445  1  1  508  516  517  
446  1  1  509  517  518  
447  1  1  510  518  519  
448  1  1  511  519  520  


Boundaries
 1 0 1 1
 4 0 1 0
 7 0 1 0

Forces
 3 0 2.5 0 0
 6 0 5.0 0 0
 9 0 2.5 0 0

Material 1
 muser 1
 1000.0 .25
 77.0  5.5
 5

Material 2
 user 3
 10.0 .3


End

Interactive mode

Stop